xof 0303txt 0032
template AnimTicksPerSecond {
 <9e415a43-7ba6-4a73-8743-b73d47e88476>
 DWORD AnimTicksPerSecond;
}

template Frame {
 <3d82ab46-62da-11cf-ab39-0020af71e433>
 [...]
}

template Matrix4x4 {
 <f6f23f45-7686-11cf-8f52-0040333594a3>
 array FLOAT matrix[16];
}

template FrameTransformMatrix {
 <f6f23f41-7686-11cf-8f52-0040333594a3>
 Matrix4x4 frameMatrix;
}

template Vector {
 <3d82ab5e-62da-11cf-ab39-0020af71e433>
 FLOAT x;
 FLOAT y;
 FLOAT z;
}

template MeshFace {
 <3d82ab5f-62da-11cf-ab39-0020af71e433>
 DWORD nFaceVertexIndices;
 array DWORD faceVertexIndices[nFaceVertexIndices];
}

template Mesh {
 <3d82ab44-62da-11cf-ab39-0020af71e433>
 DWORD nVertices;
 array Vector vertices[nVertices];
 DWORD nFaces;
 array MeshFace faces[nFaces];
 [...]
}

template MeshNormals {
 <f6f23f43-7686-11cf-8f52-0040333594a3>
 DWORD nNormals;
 array Vector normals[nNormals];
 DWORD nFaceNormals;
 array MeshFace faceNormals[nFaceNormals];
}

template Coords2d {
 <f6f23f44-7686-11cf-8f52-0040333594a3>
 FLOAT u;
 FLOAT v;
}

template MeshTextureCoords {
 <f6f23f40-7686-11cf-8f52-0040333594a3>
 DWORD nTextureCoords;
 array Coords2d textureCoords[nTextureCoords];
}

template ColorRGBA {
 <35ff44e0-6c7c-11cf-8f52-0040333594a3>
 FLOAT red;
 FLOAT green;
 FLOAT blue;
 FLOAT alpha;
}

template ColorRGB {
 <d3e16e81-7835-11cf-8f52-0040333594a3>
 FLOAT red;
 FLOAT green;
 FLOAT blue;
}

template Material {
 <3d82ab4d-62da-11cf-ab39-0020af71e433>
 ColorRGBA faceColor;
 FLOAT power;
 ColorRGB specularColor;
 ColorRGB emissiveColor;
 [...]
}

template MeshMaterialList {
 <f6f23f42-7686-11cf-8f52-0040333594a3>
 DWORD nMaterials;
 DWORD nFaceIndexes;
 array DWORD faceIndexes[nFaceIndexes];
 [Material <3d82ab4d-62da-11cf-ab39-0020af71e433>]
}

template TextureFilename {
 <a42790e1-7810-11cf-8f52-0040333594a3>
 STRING filename;
}

template XSkinMeshHeader {
 <3cf169ce-ff7c-44ab-93c0-f78f62d172e2>
 WORD nMaxSkinWeightsPerVertex;
 WORD nMaxSkinWeightsPerFace;
 WORD nBones;
}

template SkinWeights {
 <6f0d123b-bad2-4167-a0d0-80224f25fabb>
 STRING transformNodeName;
 DWORD nWeights;
 array DWORD vertexIndices[nWeights];
 array FLOAT weights[nWeights];
 Matrix4x4 matrixOffset;
}

template Animation {
 <3d82ab4f-62da-11cf-ab39-0020af71e433>
 [...]
}

template AnimationSet {
 <3d82ab50-62da-11cf-ab39-0020af71e433>
 [Animation <3d82ab4f-62da-11cf-ab39-0020af71e433>]
}

template FloatKeys {
 <10dd46a9-775b-11cf-8f52-0040333594a3>
 DWORD nValues;
 array FLOAT values[nValues];
}

template TimedFloatKeys {
 <f406b180-7b3b-11cf-8f52-0040333594a3>
 DWORD time;
 FloatKeys tfkeys;
}

template AnimationKey {
 <10dd46a8-775b-11cf-8f52-0040333594a3>
 DWORD keyType;
 DWORD nKeys;
 array TimedFloatKeys keys[nKeys];
}


AnimTicksPerSecond {
 4800;
}

Frame Bip001 {
 

 FrameTransformMatrix {
  0.000001,-1.000000,0.000000,0.000000,1.000000,0.000001,0.000000,0.000000,0.000000,0.000000,1.000000,0.000000,0.000000,0.000000,16.104536,1.000000;;
 }

 Frame Bip00120Footsteps {
  

  FrameTransformMatrix {
   0.000001,1.000000,0.000000,0.000000,-1.000000,0.000001,0.000000,0.000000,0.000000,0.000000,1.000000,0.000000,0.000000,0.000000,-15.526939,1.000000;;
  }
 }

 Frame Bip00120Pelvis {
  

  FrameTransformMatrix {
   0.000000,-0.000001,1.000000,0.000000,1.000000,0.000001,0.000000,0.000000,-0.000001,1.000000,0.000001,0.000000,0.000000,0.000000,0.000000,1.000000;;
  }

  Frame Bip00120Spine {
   

   FrameTransformMatrix {
    1.000000,0.000796,0.000001,0.000000,-0.000796,1.000000,-0.000004,0.000000,-0.000001,0.000004,1.000000,0.000000,1.769571,-0.001519,0.000002,1.000000;;
   }

   Frame Bip00120Spine1 {
    

    FrameTransformMatrix {
     1.000000,0.000000,0.000000,0.000000,0.000000,1.000000,-0.000000,0.000000,-0.000000,0.000000,1.000000,0.000000,1.908081,-0.001762,-0.000000,1.000000;;
    }

    Frame Bip00120Spine2 {
     

     FrameTransformMatrix {
      1.000000,0.000000,0.000000,0.000000,0.000000,1.000000,-0.000000,0.000000,-0.000000,0.000000,1.000000,0.000000,2.213276,-0.001565,-0.000000,1.000000;;
     }

     Frame Bip00120Spine3 {
      

      FrameTransformMatrix {
       1.000000,0.000000,0.000000,0.000000,0.000000,1.000000,-0.000000,0.000000,-0.000000,0.000000,1.000000,0.000000,1.965399,-0.001679,-0.000000,1.000000;;
      }

      Frame Bip00120Neck {
       

       FrameTransformMatrix {
        1.000000,0.000000,0.000000,0.000000,0.000000,1.000000,-0.000000,0.000000,-0.000000,0.000000,1.000000,0.000000,2.109144,-0.000935,-0.000000,1.000000;;
       }

       Frame Bip00120Neck1 {
        

        FrameTransformMatrix {
         1.000000,0.000000,0.000000,0.000000,0.000000,1.000000,-0.000000,0.000000,-0.000000,0.000000,1.000000,0.000000,1.174316,-0.000935,-0.000000,1.000000;;
        }

        Frame Bip00120Head {
         

         FrameTransformMatrix {
          1.000000,-0.000798,-0.000000,0.000000,0.000798,1.000000,-0.000000,0.000000,0.000000,-0.000000,1.000000,0.000000,1.174318,-0.000000,-0.000000,1.000000;;
         }

         Frame Bip00120HeadNub {
          

          FrameTransformMatrix {
           1.000000,0.000000,-0.000000,0.000000,0.000000,1.000000,-0.000000,0.000000,-0.000000,-0.000000,1.000000,0.000000,9.548525,0.000000,0.000000,1.000000;;
          }
         }
        }
       }

       Frame Bip00120L20Clavicle {
        

        FrameTransformMatrix {
         -0.000000,-0.000003,1.000000,0.000000,-0.000796,-1.000000,-0.000003,0.000000,1.000000,-0.000796,0.000000,0.000000,0.000000,0.000934,0.567845,1.000000;;
        }

        Frame Bip00120L20UpperArm {
         

         FrameTransformMatrix {
          0.140804,0.320269,-0.936804,0.000000,0.082287,0.939171,0.333446,0.000000,0.986612,-0.124037,0.105885,0.000000,3.355146,0.000000,0.000000,1.000000;;
         }

         Frame Bip00120L20Forearm {
          

          FrameTransformMatrix {
           0.830561,-0.556927,-0.000000,0.000000,0.556927,0.830561,0.000000,0.000000,0.000000,-0.000000,1.000000,0.000000,4.084282,0.000001,-0.000000,1.000000;;
          }

          Frame Bip00120L20Hand {
           

           FrameTransformMatrix {
            1.000000,-0.000000,0.000000,0.000000,0.000000,0.000796,-1.000000,0.000000,0.000000,1.000000,0.000796,0.000000,5.374462,0.000000,0.000000,1.000000;;
           }

           Frame Bip00120L20Finger0 {
            

            FrameTransformMatrix {
             0.950939,0.181449,-0.250581,0.000000,0.091557,0.608620,0.788162,0.000000,0.295520,-0.772436,0.562148,0.000000,0.539258,0.029641,-0.986589,1.000000;;
            }

            Frame Bip00120L20Finger01 {
             

             FrameTransformMatrix {
              0.972901,0.231222,-0.000000,0.000000,-0.231222,0.972901,-0.000000,0.000000,0.000000,0.000000,1.000000,0.000000,0.609915,0.000000,-0.000000,1.000000;;
             }

             Frame Bip00120L20Finger02 {
              

              FrameTransformMatrix {
               0.972901,0.231222,0.000000,0.000000,-0.231222,0.972901,-0.000000,0.000000,0.000000,0.000000,1.000000,0.000000,0.609917,0.000000,0.000000,1.000000;;
              }

              Frame Bip00120L20Finger0Nub {
               

               FrameTransformMatrix {
                1.000000,0.000000,0.000000,0.000000,0.000000,1.000000,-0.000000,0.000000,-0.000000,0.000000,1.000000,0.000000,0.609917,-0.000000,0.000000,1.000000;;
               }
              }
             }
            }
           }

           Frame Bip00120L20Finger1 {
            

            FrameTransformMatrix {
             0.937948,-0.177321,-0.298012,0.000000,0.168763,0.984153,-0.054430,0.000000,0.302941,0.000759,0.953009,0.000000,1.927320,0.003559,-1.005224,1.000000;;
            }

            Frame Bip00120L20Finger11 {
             

             FrameTransformMatrix {
              0.972901,0.231222,0.000000,0.000000,-0.231222,0.972901,-0.000000,0.000000,0.000000,0.000000,1.000000,0.000000,0.739123,0.000001,-0.000001,1.000000;;
             }

             Frame Bip00120L20Finger12 {
              

              FrameTransformMatrix {
               0.972901,0.231222,0.000000,0.000000,-0.231222,0.972901,-0.000000,0.000000,0.000000,0.000000,1.000000,0.000000,0.739123,0.000000,-0.000001,1.000000;;
              }

              Frame Bip00120L20Finger1Nub {
               

               FrameTransformMatrix {
                1.000000,0.000000,0.000000,0.000000,0.000000,1.000000,0.000000,0.000000,-0.000000,-0.000000,1.000000,0.000000,0.739123,0.000000,0.000000,1.000000;;
               }
              }
             }
            }
           }

           Frame Bip00120L20Finger2 {
            

            FrameTransformMatrix {
             0.964860,-0.236414,-0.114690,0.000000,0.234665,0.971652,-0.028713,0.000000,0.118227,0.000791,0.992986,0.000000,2.222924,-0.004602,-0.371434,1.000000;;
            }

            Frame Bip00120L20Finger21 {
             

             FrameTransformMatrix {
              0.972901,0.231222,-0.000000,0.000000,-0.231222,0.972901,0.000000,0.000000,0.000000,-0.000000,1.000000,0.000000,0.773678,0.000000,0.000000,1.000000;;
             }

             Frame Bip00120L20Finger22 {
              

              FrameTransformMatrix {
               0.972901,0.231222,0.000000,0.000000,-0.231222,0.972901,-0.000000,0.000000,0.000000,0.000000,1.000000,0.000000,0.773677,0.000000,0.000000,1.000000;;
              }

              Frame Bip00120L20Finger2Nub {
               

               FrameTransformMatrix {
                1.000000,0.000000,0.000000,0.000000,0.000000,1.000000,0.000000,0.000000,-0.000000,0.000000,1.000000,0.000000,0.773679,0.000000,0.000000,1.000000;;
               }
              }
             }
            }
           }

           Frame Bip00120L20Finger3 {
            

            FrameTransformMatrix {
             0.952672,-0.259354,0.158595,0.000000,0.255966,0.965782,0.041787,0.000000,-0.164005,0.000786,0.986459,0.000000,2.262080,-0.004636,0.236233,1.000000;;
            }

            Frame Bip00120L20Finger31 {
             

             FrameTransformMatrix {
              0.972901,0.231222,0.000000,0.000000,-0.231222,0.972901,0.000000,0.000000,0.000000,-0.000000,1.000000,0.000000,0.667872,0.000000,0.000000,1.000000;;
             }

             Frame Bip00120L20Finger32 {
              

              FrameTransformMatrix {
               0.972901,0.231222,-0.000000,0.000000,-0.231222,0.972901,-0.000000,0.000000,0.000000,-0.000000,1.000000,0.000000,0.667870,0.000000,-0.000000,1.000000;;
              }

              Frame Bip00120L20Finger3Nub {
               

               FrameTransformMatrix {
                1.000000,0.000000,0.000000,0.000000,0.000000,1.000000,0.000000,0.000000,0.000000,-0.000000,1.000000,0.000000,0.667871,0.000000,-0.000000,1.000000;;
               }
              }
             }
            }
           }

           Frame Bip00120L20Finger4 {
            

            FrameTransformMatrix {
             0.916221,-0.255592,0.308565,0.000000,0.242473,0.966785,0.080836,0.000000,-0.318977,0.000755,0.947762,0.000000,2.105070,0.001509,0.815802,1.000000;;
            }

            Frame Bip00120L20Finger41 {
             

             FrameTransformMatrix {
              0.972901,0.231222,0.000000,0.000000,-0.231222,0.972901,0.000000,0.000000,-0.000000,0.000000,1.000000,0.000000,0.567124,0.000000,-0.000000,1.000000;;
             }

             Frame Bip00120L20Finger42 {
              

              FrameTransformMatrix {
               0.972901,0.231222,0.000000,0.000000,-0.231222,0.972901,-0.000000,0.000000,0.000000,0.000000,1.000000,0.000000,0.567123,0.000000,0.000000,1.000000;;
              }

              Frame Bip00120L20Finger4Nub {
               

               FrameTransformMatrix {
                1.000000,-0.000000,0.000000,0.000000,-0.000000,1.000000,-0.000000,0.000000,-0.000000,0.000000,1.000000,0.000000,0.567123,-0.000000,0.000000,1.000000;;
               }
              }
             }
            }
           }
          }
         }
        }
       }

       Frame Bip00120R20Clavicle {
        

        FrameTransformMatrix {
         -0.000000,0.000003,-1.000000,0.000000,-0.000796,-1.000000,-0.000003,0.000000,-1.000000,0.000796,0.000000,0.000000,0.000000,0.000937,-0.567845,1.000000;;
        }

        Frame Bip00120R20UpperArm {
         

         FrameTransformMatrix {
          0.156834,0.239652,0.958108,0.000000,0.066360,0.965363,-0.252330,0.000000,-0.985393,0.103154,0.135499,0.000000,3.238740,-0.000000,0.000000,1.000000;;
         }

         Frame Bip00120R20Forearm {
          

          FrameTransformMatrix {
           0.896046,-0.443961,-0.000000,0.000000,0.443961,0.896046,0.000000,0.000000,0.000000,0.000000,1.000000,0.000000,4.486057,0.000000,0.000000,1.000000;;
          }

          Frame Bip00120R20Hand {
           

           FrameTransformMatrix {
            1.000000,0.000000,0.000000,0.000000,0.000000,0.000796,1.000000,0.000000,-0.000000,-1.000000,0.000796,0.000000,5.196876,0.000000,-0.000001,1.000000;;
           }

           Frame Bip00120R20Finger0 {
            

            FrameTransformMatrix {
             0.790347,0.021933,0.612267,0.000000,0.426192,0.698245,-0.575164,0.000000,-0.440127,0.715523,0.542509,0.000000,0.464580,0.138626,0.973950,1.000000;;
            }

            Frame Bip00120R20Finger01 {
             

             FrameTransformMatrix {
              0.972901,0.231222,0.000000,0.000000,-0.231222,0.972901,0.000000,0.000000,0.000000,-0.000000,1.000000,0.000000,0.674833,0.000002,0.000000,1.000000;;
             }

             Frame Bip00120R20Finger02 {
              

              FrameTransformMatrix {
               0.972901,0.231222,-0.000000,0.000000,-0.231222,0.972901,-0.000000,0.000000,0.000000,-0.000000,1.000000,0.000000,0.674830,0.000000,0.000000,1.000000;;
              }

              Frame Bip00120R20Finger0Nub {
               

               FrameTransformMatrix {
                1.000000,0.000000,0.000000,0.000000,0.000000,1.000000,0.000000,0.000000,0.000000,-0.000000,-1.000000,0.000000,0.674831,0.000000,-0.000000,1.000000;;
               }
              }
             }
            }
           }

           Frame Bip00120R20Finger1 {
            

            FrameTransformMatrix {
             0.949626,-0.043467,0.310356,0.000000,0.041081,0.999055,0.014223,0.000000,-0.310681,-0.000757,0.950514,0.000000,1.987355,-0.023405,0.913465,1.000000;;
            }

            Frame Bip00120R20Finger11 {
             

             FrameTransformMatrix {
              0.972901,0.231222,0.000000,0.000000,-0.231222,0.972901,0.000000,0.000000,0.000000,0.000000,1.000000,0.000000,0.738935,0.000000,0.000000,1.000000;;
             }

             Frame Bip00120R20Finger12 {
              

              FrameTransformMatrix {
               0.972901,0.231222,0.000000,0.000000,-0.231222,0.972901,-0.000000,0.000000,0.000000,-0.000000,1.000000,0.000000,0.738934,0.000000,0.000000,1.000000;;
              }

              Frame Bip00120R20Finger1Nub {
               

               FrameTransformMatrix {
                1.000000,0.000000,0.000000,0.000000,0.000000,1.000000,-0.000000,0.000000,0.000000,0.000000,-1.000000,0.000000,0.738935,0.000000,-0.000000,1.000000;;
               }
              }
             }
            }
           }

           Frame Bip00120R20Finger2 {
            

            FrameTransformMatrix {
             0.992554,-0.090235,0.081821,0.000000,0.089864,0.995920,0.008208,0.000000,-0.082228,-0.000794,0.996613,0.000000,2.157007,-0.099152,0.318748,1.000000;;
            }

            Frame Bip00120R20Finger21 {
             

             FrameTransformMatrix {
              0.972901,0.231222,-0.000000,0.000000,-0.231222,0.972901,0.000000,0.000000,-0.000000,0.000000,1.000000,0.000000,0.786579,0.000000,0.000000,1.000000;;
             }

             Frame Bip00120R20Finger22 {
              

              FrameTransformMatrix {
               0.972901,0.231222,-0.000000,0.000000,-0.231222,0.972901,0.000000,0.000000,0.000000,-0.000000,1.000000,0.000000,0.786578,0.000000,-0.000000,1.000000;;
              }

              Frame Bip00120R20Finger2Nub {
               

               FrameTransformMatrix {
                1.000000,0.000000,0.000000,0.000000,-0.000000,1.000000,-0.000000,0.000000,0.000000,0.000000,-1.000000,0.000000,0.786579,0.000000,0.000000,1.000000;;
               }
              }
             }
            }
           }

           Frame Bip00120R20Finger3 {
            

            FrameTransformMatrix {
             0.984897,0.000138,-0.173143,0.000000,-0.000000,1.000000,0.000796,0.000000,0.173143,-0.000784,0.984896,0.000000,2.164498,-0.090816,-0.299975,1.000000;;
            }

            Frame Bip00120R20Finger31 {
             

             FrameTransformMatrix {
              0.972901,0.231222,0.000000,0.000000,-0.231222,0.972901,0.000000,0.000000,-0.000000,-0.000000,1.000000,0.000000,0.697189,0.000000,0.000000,1.000000;;
             }

             Frame Bip00120R20Finger32 {
              

              FrameTransformMatrix {
               0.972901,0.231222,0.000000,0.000000,-0.231222,0.972901,0.000000,0.000000,0.000000,-0.000000,1.000000,0.000000,0.697188,0.000000,0.000000,1.000000;;
              }

              Frame Bip00120R20Finger3Nub {
               

               FrameTransformMatrix {
                1.000000,0.000000,-0.000000,0.000000,-0.000000,1.000000,0.000000,0.000000,0.000000,-0.000000,-1.000000,0.000000,0.697189,0.000000,-0.000000,1.000000;;
               }
              }
             }
            }
           }

           Frame Bip00120R20Finger4 {
            

            FrameTransformMatrix {
             0.939556,0.000273,-0.342396,0.000000,-0.000000,1.000000,0.000796,0.000000,0.342397,-0.000748,0.939555,0.000000,2.022447,0.003069,-0.880493,1.000000;;
            }

            Frame Bip00120R20Finger41 {
             

             FrameTransformMatrix {
              0.972901,0.231222,0.000000,0.000000,-0.231222,0.972901,0.000000,0.000000,0.000000,0.000000,1.000000,0.000000,0.564604,0.000000,0.000000,1.000000;;
             }

             Frame Bip00120R20Finger42 {
              

              FrameTransformMatrix {
               0.972901,0.231222,0.000000,0.000000,-0.231222,0.972901,0.000000,0.000000,0.000000,-0.000000,1.000000,0.000000,0.564601,0.000000,-0.000000,1.000000;;
              }

              Frame Bip00120R20Finger4Nub {
               

               FrameTransformMatrix {
                1.000000,-0.000000,-0.000000,0.000000,0.000000,1.000000,0.000000,0.000000,0.000000,0.000000,-1.000000,0.000000,0.564604,0.000000,0.000000,1.000000;;
               }
              }
             }
            }
           }
          }
         }
        }
       }
      }
     }
    }
   }

   Frame Bip00120L20Thigh {
    

    FrameTransformMatrix {
     -0.999179,0.012557,0.038518,0.000000,0.012571,0.999921,0.000118,0.000000,-0.038513,0.000602,-0.999258,0.000000,-1.769569,0.002924,1.538756,1.000000;;
    }

    Frame Bip00120L20Calf {
     

     FrameTransformMatrix {
      0.988385,-0.151974,0.000000,0.000000,0.151974,0.988385,-0.000000,0.000000,0.000000,-0.000000,1.000000,0.000000,8.065970,-0.000000,0.000000,1.000000;;
     }

     Frame Bip00120L20Foot {
      

      FrameTransformMatrix {
       0.989372,0.140213,0.038514,0.000000,-0.140338,0.990103,0.000569,0.000000,-0.038053,-0.005967,0.999258,0.000000,5.992866,0.000000,0.000000,1.000000;;
      }

      Frame Bip00120L20Toe0 {
       

       FrameTransformMatrix {
        -0.000000,1.000000,0.000000,0.000000,-1.000000,-0.000000,-0.000000,0.000000,-0.000000,-0.000000,1.000000,0.000000,1.769570,2.277359,0.000000,1.000000;;
       }

       Frame Bip00120L20Toe0Nub {
        

        FrameTransformMatrix {
         1.000000,-0.000000,-0.000000,0.000000,0.000000,1.000000,0.000000,0.000000,0.000000,-0.000000,-1.000000,0.000000,0.230814,0.000000,0.000000,1.000000;;
        }
       }
      }
     }
    }
   }

   Frame Bip00120R20Thigh {
    

    FrameTransformMatrix {
     -0.998790,-0.022780,-0.043573,0.000000,-0.022739,0.999741,-0.001444,0.000000,0.043595,-0.000451,-0.999049,0.000000,-1.769569,0.002933,-1.538756,1.000000;;
    }

    Frame Bip00120R20Calf {
     

     FrameTransformMatrix {
      0.994189,-0.107651,-0.000000,0.000000,0.107651,0.994189,0.000000,0.000000,0.000000,-0.000000,1.000000,0.000000,8.214841,0.000000,0.000000,1.000000;;
     }

     Frame Bip00120R20Foot {
      

      FrameTransformMatrix {
       0.990434,0.130916,-0.043595,0.000000,-0.131059,0.991375,-0.000419,0.000000,0.043164,0.006129,0.999049,0.000000,5.839917,-0.000000,0.000000,1.000000;;
      }

      Frame Bip00120R20Toe0 {
       

       FrameTransformMatrix {
        -0.000000,1.000000,0.000000,0.000000,-1.000000,-0.000000,-0.000000,0.000000,-0.000000,-0.000000,1.000000,0.000000,1.769570,2.277359,0.000000,1.000000;;
       }

       Frame Bip00120R20Toe0Nub {
        

        FrameTransformMatrix {
         1.000000,0.000000,0.000000,0.000000,0.000000,1.000000,0.000000,0.000000,-0.000000,-0.000000,1.000000,0.000000,0.230814,0.000000,0.000000,1.000000;;
        }
       }
      }
     }
    }
   }
  }
 }
}

Frame B0EBFCD7001 {
 

 FrameTransformMatrix {
  1.000000,0.000000,0.000000,0.000000,0.000000,1.000000,0.000000,0.000000,0.000000,0.000000,1.000000,0.000000,0.000008,-0.767297,21.569147,1.000000;;
 }

 Frame skirt {
  

  FrameTransformMatrix {
   0.498455,0.000000,0.000000,0.000000,0.000000,-0.000000,0.498455,0.000000,0.000000,-0.498455,-0.000000,0.000000,-0.000008,-8.042065,-40.563072,1.000000;;
  }

  Mesh {
   152;
   -2.781741;63.133818;-9.026218;,
   -2.629103;65.033517;-9.258600;,
   -3.593400;65.130656;-9.943943;,
   -3.977960;63.198810;-9.838379;,
   -7.855173;63.303648;-10.612618;,
   -7.145603;65.389722;-10.610614;,
   -8.384781;65.501107;-12.395974;,
   -9.300057;63.256915;-12.317357;,
   -2.397813;63.177645;-21.068237;,
   -2.245708;65.353798;-20.720616;,
   0.000000;65.277210;-20.868466;,
   0.000000;63.105408;-21.276334;,
   -2.385317;67.034131;-9.527578;,
   -3.122796;67.063981;-10.105611;,
   -6.463420;67.235411;-10.706876;,
   -7.576201;67.609862;-12.457622;,
   -2.324189;67.433318;-20.367440;,
   0.000000;67.430579;-20.510342;,
   -1.882455;70.364678;-9.930310;,
   -2.473513;70.371194;-10.235930;,
   -5.547923;70.405715;-10.723148;,
   -6.677898;70.478816;-12.467803;,
   -2.208604;70.466195;-20.063312;,
   0.000000;70.432294;-20.248776;,
   -8.697172;65.499232;-15.297002;,
   -9.522017;63.242944;-15.278646;,
   -5.721876;63.239219;-10.080471;,
   -5.162049;65.308787;-10.193961;,
   -8.132570;67.483546;-15.128157;,
   -4.639174;67.104877;-10.244233;,
   -7.103351;70.445875;-15.171760;,
   -3.707553;70.391699;-10.195199;,
   -7.291810;65.469414;-18.421997;,
   -5.466775;65.399290;-19.389227;,
   -5.794690;63.268614;-19.704306;,
   -7.669983;63.334662;-18.877373;,
   -8.188349;65.501613;-14.975502;,
   -7.701582;65.497594;-14.704800;,
   -8.386973;63.133190;-14.650259;,
   -8.868938;63.118157;-14.963629;,
   -6.915936;67.558458;-18.034776;,
   -5.169206;67.522547;-19.011101;,
   -7.788423;67.334771;-15.180320;,
   -7.192038;67.362650;-14.776762;,
   -6.331152;70.383814;-17.612387;,
   -4.987170;70.404960;-18.726789;,
   -6.875561;70.467488;-15.093456;,
   -6.405551;70.447200;-14.929258;,
   -3.287963;65.227808;-10.706635;,
   -3.749263;63.174829;-10.743676;,
   -2.945437;67.030579;-10.666247;,
   -2.255657;70.377664;-10.638267;,
   -4.155980;63.183834;-10.769802;,
   -3.674040;65.239162;-10.775794;,
   -3.254582;67.040979;-10.768314;,
   -2.631312;70.379654;-10.680893;,
   -8.342502;65.480371;-16.150813;,
   -8.882205;63.239942;-16.149448;,
   -7.971940;67.425722;-16.073787;,
   -7.293599;70.500845;-16.100720;,
   -4.447970;65.374413;-19.922946;,
   -3.664395;65.372576;-20.279917;,
   -3.897486;63.234112;-20.658955;,
   -4.591754;63.239622;-20.208301;,
   -4.156201;67.505056;-19.691210;,
   -3.452401;67.498643;-20.042666;,
   -3.352651;70.420326;-19.642376;,
   -4.122200;70.461037;-19.468136;,
   -4.563294;65.359878;-19.370957;,
   -4.686400;63.230099;-19.606933;,
   -4.412689;67.490477;-19.181286;,
   -4.285502;70.431757;-18.923782;,
   -3.917386;65.349248;-19.521142;,
   -3.877001;63.245805;-19.826702;,
   -3.872093;67.512237;-19.416195;,
   -3.871845;70.431693;-19.254027;,
   0.000000;64.903642;-9.022102;,
   0.000000;63.074426;-8.817382;,
   0.000000;67.045709;-9.324999;,
   0.000000;70.427789;-9.752699;,
   2.781741;63.133818;-9.026218;,
   3.977960;63.198810;-9.838379;,
   3.593400;65.130656;-9.943943;,
   2.629103;65.033517;-9.258600;,
   7.855173;63.303648;-10.612618;,
   9.300057;63.256915;-12.317357;,
   8.384781;65.501107;-12.395974;,
   7.145603;65.389722;-10.610614;,
   2.397814;63.177645;-21.068237;,
   2.245708;65.353798;-20.720616;,
   3.122796;67.063981;-10.105611;,
   2.385317;67.034131;-9.527578;,
   7.576201;67.609862;-12.457622;,
   6.463421;67.235411;-10.706876;,
   2.324188;67.433318;-20.367440;,
   2.473513;70.371194;-10.235930;,
   1.882455;70.364678;-9.930310;,
   5.547922;70.405715;-10.723148;,
   6.677898;70.478816;-12.467803;,
   2.208605;70.466195;-20.063312;,
   9.522017;63.242944;-15.278646;,
   8.697172;65.499232;-15.297002;,
   5.162049;65.308787;-10.193961;,
   5.721876;63.239219;-10.080471;,
   8.132570;67.483546;-15.128157;,
   4.639174;67.104877;-10.244233;,
   7.103351;70.445875;-15.171760;,
   3.707553;70.391699;-10.195199;,
   7.291809;65.469414;-18.421997;,
   7.669983;63.334662;-18.877373;,
   5.794689;63.268614;-19.704306;,
   5.466775;65.399290;-19.389227;,
   8.188349;65.501613;-14.975502;,
   8.868937;63.118157;-14.963629;,
   8.386973;63.133190;-14.650259;,
   7.701582;65.497594;-14.704800;,
   6.915935;67.558458;-18.034776;,
   5.169206;67.522547;-19.011101;,
   7.788423;67.334771;-15.180320;,
   7.192038;67.362650;-14.776762;,
   6.331152;70.383814;-17.612387;,
   4.987169;70.404960;-18.726789;,
   6.875561;70.467488;-15.093456;,
   6.405551;70.447200;-14.929258;,
   3.749263;63.174829;-10.743676;,
   3.287963;65.227808;-10.706635;,
   2.945436;67.030579;-10.666247;,
   2.255657;70.377664;-10.638267;,
   4.155981;63.183834;-10.769802;,
   3.674040;65.239162;-10.775794;,
   3.254581;67.040979;-10.768314;,
   2.631311;70.379654;-10.680893;,
   8.882204;63.239942;-16.149448;,
   8.342502;65.480371;-16.150813;,
   7.971941;67.425722;-16.073787;,
   7.293599;70.500845;-16.100720;,
   4.447970;65.374413;-19.922946;,
   4.591753;63.239622;-20.208301;,
   3.897486;63.234112;-20.658955;,
   3.664394;65.372576;-20.279917;,
   4.156200;67.505056;-19.691210;,
   3.452401;67.498643;-20.042666;,
   3.352652;70.420326;-19.642376;,
   4.122200;70.461037;-19.468136;,
   4.686400;63.230099;-19.606933;,
   4.563294;65.359878;-19.370957;,
   4.412689;67.490477;-19.181286;,
   4.285502;70.431757;-18.923782;,
   3.917386;65.349248;-19.521142;,
   3.877001;63.245805;-19.826702;,
   3.872093;67.512237;-19.416195;,
   3.871845;70.431693;-19.254027;;
   228;
   3;0,1,2;,
   3;2,3,0;,
   3;4,5,6;,
   3;6,7,4;,
   3;8,9,10;,
   3;10,11,8;,
   3;1,12,13;,
   3;13,2,1;,
   3;5,14,15;,
   3;15,6,5;,
   3;9,16,17;,
   3;17,10,9;,
   3;12,18,19;,
   3;19,13,12;,
   3;20,21,15;,
   3;15,14,20;,
   3;22,23,17;,
   3;17,16,22;,
   3;6,24,25;,
   3;25,7,6;,
   3;5,4,26;,
   3;26,27,5;,
   3;15,28,24;,
   3;24,6,15;,
   3;14,5,27;,
   3;27,29,14;,
   3;21,30,28;,
   3;28,15,21;,
   3;20,14,29;,
   3;29,31,20;,
   3;32,33,34;,
   3;34,35,32;,
   3;36,37,38;,
   3;38,39,36;,
   3;40,41,33;,
   3;33,32,40;,
   3;42,43,37;,
   3;37,36,42;,
   3;44,45,41;,
   3;41,40,44;,
   3;46,47,43;,
   3;43,42,46;,
   3;2,48,49;,
   3;49,3,2;,
   3;13,50,48;,
   3;48,2,13;,
   3;51,50,13;,
   3;13,19,51;,
   3;52,53,27;,
   3;27,26,52;,
   3;53,54,29;,
   3;29,27,53;,
   3;54,55,31;,
   3;31,29,54;,
   3;49,48,53;,
   3;53,52,49;,
   3;48,50,54;,
   3;54,53,48;,
   3;50,51,55;,
   3;55,54,50;,
   3;36,39,25;,
   3;25,24,36;,
   3;28,42,36;,
   3;36,24,28;,
   3;30,46,42;,
   3;42,28,30;,
   3;37,56,57;,
   3;57,38,37;,
   3;58,56,37;,
   3;37,43,58;,
   3;47,59,58;,
   3;58,43,47;,
   3;60,61,62;,
   3;62,63,60;,
   3;64,65,61;,
   3;61,60,64;,
   3;66,65,64;,
   3;64,67,66;,
   3;33,68,69;,
   3;69,34,33;,
   3;41,70,68;,
   3;68,33,41;,
   3;45,71,70;,
   3;70,41,45;,
   3;32,35,57;,
   3;57,56,32;,
   3;40,32,56;,
   3;56,58,40;,
   3;44,40,58;,
   3;58,59,44;,
   3;72,73,69;,
   3;69,68,72;,
   3;74,72,68;,
   3;68,70,74;,
   3;75,74,70;,
   3;70,71,75;,
   3;61,9,8;,
   3;8,62,61;,
   3;65,16,9;,
   3;9,61,65;,
   3;22,16,65;,
   3;65,66,22;,
   3;60,63,73;,
   3;73,72,60;,
   3;64,60,72;,
   3;72,74,64;,
   3;67,64,74;,
   3;74,75,67;,
   3;76,1,0;,
   3;0,77,76;,
   3;12,1,76;,
   3;76,78,12;,
   3;18,12,78;,
   3;78,79,18;,
   3;80,81,82;,
   3;82,83,80;,
   3;84,85,86;,
   3;86,87,84;,
   3;88,11,10;,
   3;10,89,88;,
   3;83,82,90;,
   3;90,91,83;,
   3;87,86,92;,
   3;92,93,87;,
   3;89,10,17;,
   3;17,94,89;,
   3;91,90,95;,
   3;95,96,91;,
   3;97,93,92;,
   3;92,98,97;,
   3;99,94,17;,
   3;17,23,99;,
   3;86,85,100;,
   3;100,101,86;,
   3;87,102,103;,
   3;103,84,87;,
   3;92,86,101;,
   3;101,104,92;,
   3;93,105,102;,
   3;102,87,93;,
   3;98,92,104;,
   3;104,106,98;,
   3;97,107,105;,
   3;105,93,97;,
   3;108,109,110;,
   3;110,111,108;,
   3;112,113,114;,
   3;114,115,112;,
   3;116,108,111;,
   3;111,117,116;,
   3;118,112,115;,
   3;115,119,118;,
   3;120,116,117;,
   3;117,121,120;,
   3;122,118,119;,
   3;119,123,122;,
   3;82,81,124;,
   3;124,125,82;,
   3;90,82,125;,
   3;125,126,90;,
   3;127,95,90;,
   3;90,126,127;,
   3;128,103,102;,
   3;102,129,128;,
   3;129,102,105;,
   3;105,130,129;,
   3;130,105,107;,
   3;107,131,130;,
   3;124,128,129;,
   3;129,125,124;,
   3;125,129,130;,
   3;130,126,125;,
   3;126,130,131;,
   3;131,127,126;,
   3;112,101,100;,
   3;100,113,112;,
   3;104,101,112;,
   3;112,118,104;,
   3;106,104,118;,
   3;118,122,106;,
   3;115,114,132;,
   3;132,133,115;,
   3;134,119,115;,
   3;115,133,134;,
   3;123,119,134;,
   3;134,135,123;,
   3;136,137,138;,
   3;138,139,136;,
   3;140,136,139;,
   3;139,141,140;,
   3;142,143,140;,
   3;140,141,142;,
   3;111,110,144;,
   3;144,145,111;,
   3;117,111,145;,
   3;145,146,117;,
   3;121,117,146;,
   3;146,147,121;,
   3;108,133,132;,
   3;132,109,108;,
   3;116,134,133;,
   3;133,108,116;,
   3;120,135,134;,
   3;134,116,120;,
   3;148,145,144;,
   3;144,149,148;,
   3;150,146,145;,
   3;145,148,150;,
   3;151,147,146;,
   3;146,150,151;,
   3;139,138,88;,
   3;88,89,139;,
   3;141,139,89;,
   3;89,94,141;,
   3;99,142,141;,
   3;141,94,99;,
   3;136,148,149;,
   3;149,137,136;,
   3;140,150,148;,
   3;148,136,140;,
   3;143,151,150;,
   3;150,140,143;,
   3;76,77,80;,
   3;80,83,76;,
   3;91,78,76;,
   3;76,83,91;,
   3;96,79,78;,
   3;78,91,96;;

   MeshNormals {
    152;
    -0.327211;0.140607;0.934432;,
    -0.337965;0.157487;0.927889;,
    -0.923123;0.233771;0.305281;,
    -0.915713;0.201289;0.347783;,
    -0.573136;0.217619;0.790036;,
    -0.529543;0.213128;0.821073;,
    -0.874840;0.342498;0.342563;,
    -0.870274;0.366464;0.329132;,
    -0.169083;0.180286;-0.968973;,
    -0.170654;0.160649;-0.972147;,
    -0.000000;0.169076;-0.985603;,
    -0.000000;0.184576;-0.982818;,
    -0.355716;0.157555;0.921218;,
    -0.934426;0.219226;0.280693;,
    -0.538462;0.196846;0.819336;,
    -0.882432;0.298064;0.363966;,
    -0.167702;0.132479;-0.976896;,
    0.000000;0.130576;-0.991438;,
    -0.263244;0.151818;0.952709;,
    -0.935050;0.224176;0.274639;,
    -0.537119;0.156213;0.828915;,
    -0.885655;0.287430;0.364691;,
    -0.200324;0.112673;-0.973229;,
    -0.000000;0.086810;-0.996225;,
    -0.462546;0.197669;-0.864279;,
    -0.566955;0.249895;-0.784930;,
    0.048365;0.029929;0.998381;,
    0.081963;0.018638;0.996461;,
    -0.784030;0.199651;-0.587739;,
    0.056439;-0.007209;0.998380;,
    -0.475142;0.209265;-0.854663;,
    0.120038;-0.035118;0.992148;,
    -0.698855;0.245875;-0.671675;,
    -0.215658;0.183965;-0.958983;,
    -0.183841;0.190110;-0.964396;,
    -0.676835;0.266296;-0.686280;,
    0.482792;-0.152322;-0.862386;,
    -0.666535;0.057113;-0.743283;,
    -0.408756;0.122273;-0.904416;,
    0.471019;-0.138838;-0.871128;,
    -0.700306;0.238339;-0.672879;,
    -0.346533;0.160998;-0.924118;,
    0.204361;-0.101435;-0.973626;,
    -0.654628;0.192497;-0.731031;,
    -0.722681;0.184639;-0.666063;,
    -0.455376;0.108869;-0.883618;,
    0.343777;-0.106379;-0.933006;,
    -0.849039;0.128760;-0.512399;,
    -0.850959;0.178826;0.493853;,
    -0.763577;0.152661;0.627411;,
    -0.876152;0.158731;0.455151;,
    -0.888408;0.154793;0.432169;,
    0.193173;-0.031071;0.980673;,
    0.097783;-0.027746;0.994821;,
    0.022861;-0.032348;0.999215;,
    0.119396;-0.037467;0.992140;,
    -0.975540;0.218968;-0.019369;,
    -0.966198;0.257483;-0.012816;,
    -0.971278;0.236707;0.024271;,
    -0.975525;0.215570;0.043368;,
    -0.991803;0.104036;-0.074187;,
    -0.348560;0.167766;-0.922150;,
    -0.383243;0.179816;-0.905975;,
    -0.996763;0.071934;-0.035903;,
    -0.984471;0.093703;-0.148446;,
    -0.361328;0.134930;-0.922625;,
    -0.300436;0.112473;-0.947147;,
    -0.973019;0.036193;-0.227870;,
    -0.120178;0.113384;-0.986256;,
    -0.086996;0.130378;-0.987640;,
    -0.318328;0.094434;-0.943265;,
    -0.457552;0.097166;-0.883858;,
    -0.970707;0.029592;-0.238435;,
    -0.997939;0.043333;-0.047333;,
    -0.982990;0.036917;-0.179911;,
    -0.998945;0.037752;-0.026155;,
    0.000000;0.129046;0.991639;,
    0.000000;0.111223;0.993796;,
    0.000000;0.135182;0.990821;,
    0.000000;0.125461;0.992099;,
    0.327211;0.140607;0.934432;,
    0.915713;0.201289;0.347783;,
    0.923122;0.233771;0.305281;,
    0.337965;0.157487;0.927889;,
    0.573136;0.217619;0.790036;,
    0.870274;0.366464;0.329132;,
    0.874840;0.342498;0.342563;,
    0.529543;0.213128;0.821073;,
    0.169083;0.180286;-0.968973;,
    0.170654;0.160649;-0.972147;,
    0.934426;0.219226;0.280692;,
    0.355716;0.157555;0.921218;,
    0.882432;0.298064;0.363967;,
    0.538462;0.196846;0.819335;,
    0.167702;0.132479;-0.976896;,
    0.935050;0.224176;0.274640;,
    0.263244;0.151818;0.952709;,
    0.537119;0.156213;0.828915;,
    0.885655;0.287429;0.364691;,
    0.200324;0.112673;-0.973229;,
    0.566955;0.249895;-0.784929;,
    0.462546;0.197669;-0.864279;,
    -0.081963;0.018638;0.996461;,
    -0.048365;0.029929;0.998381;,
    0.784030;0.199651;-0.587739;,
    -0.056439;-0.007209;0.998380;,
    0.475142;0.209265;-0.854663;,
    -0.120038;-0.035118;0.992148;,
    0.698855;0.245875;-0.671675;,
    0.676835;0.266296;-0.686280;,
    0.183841;0.190110;-0.964396;,
    0.215658;0.183965;-0.958983;,
    -0.482792;-0.152322;-0.862386;,
    -0.471020;-0.138838;-0.871128;,
    0.408756;0.122273;-0.904416;,
    0.666535;0.057113;-0.743283;,
    0.700306;0.238339;-0.672879;,
    0.346533;0.160998;-0.924118;,
    -0.204361;-0.101435;-0.973626;,
    0.654629;0.192497;-0.731031;,
    0.722681;0.184639;-0.666063;,
    0.455376;0.108869;-0.883618;,
    -0.343777;-0.106379;-0.933006;,
    0.849039;0.128760;-0.512399;,
    0.763577;0.152661;0.627412;,
    0.850959;0.178826;0.493853;,
    0.876152;0.158731;0.455151;,
    0.888408;0.154793;0.432170;,
    -0.193174;-0.031071;0.980673;,
    -0.097783;-0.027746;0.994821;,
    -0.022861;-0.032348;0.999215;,
    -0.119396;-0.037467;0.992140;,
    0.966198;0.257483;-0.012816;,
    0.975540;0.218967;-0.019369;,
    0.971278;0.236707;0.024271;,
    0.975525;0.215571;0.043368;,
    0.991803;0.104036;-0.074187;,
    0.996763;0.071934;-0.035903;,
    0.383243;0.179816;-0.905975;,
    0.348560;0.167766;-0.922150;,
    0.984471;0.093703;-0.148446;,
    0.361328;0.134930;-0.922625;,
    0.300436;0.112473;-0.947147;,
    0.973019;0.036193;-0.227870;,
    0.086996;0.130378;-0.987640;,
    0.120178;0.113384;-0.986256;,
    0.318328;0.094434;-0.943265;,
    0.457552;0.097166;-0.883858;,
    0.970707;0.029592;-0.238436;,
    0.997939;0.043333;-0.047333;,
    0.982990;0.036917;-0.179911;,
    0.998945;0.037752;-0.026156;;
    228;
    3;0,1,2;,
    3;2,3,0;,
    3;4,5,6;,
    3;6,7,4;,
    3;8,9,10;,
    3;10,11,8;,
    3;1,12,13;,
    3;13,2,1;,
    3;5,14,15;,
    3;15,6,5;,
    3;9,16,17;,
    3;17,10,9;,
    3;12,18,19;,
    3;19,13,12;,
    3;20,21,15;,
    3;15,14,20;,
    3;22,23,17;,
    3;17,16,22;,
    3;6,24,25;,
    3;25,7,6;,
    3;5,4,26;,
    3;26,27,5;,
    3;15,28,24;,
    3;24,6,15;,
    3;14,5,27;,
    3;27,29,14;,
    3;21,30,28;,
    3;28,15,21;,
    3;20,14,29;,
    3;29,31,20;,
    3;32,33,34;,
    3;34,35,32;,
    3;36,37,38;,
    3;38,39,36;,
    3;40,41,33;,
    3;33,32,40;,
    3;42,43,37;,
    3;37,36,42;,
    3;44,45,41;,
    3;41,40,44;,
    3;46,47,43;,
    3;43,42,46;,
    3;2,48,49;,
    3;49,3,2;,
    3;13,50,48;,
    3;48,2,13;,
    3;51,50,13;,
    3;13,19,51;,
    3;52,53,27;,
    3;27,26,52;,
    3;53,54,29;,
    3;29,27,53;,
    3;54,55,31;,
    3;31,29,54;,
    3;49,48,53;,
    3;53,52,49;,
    3;48,50,54;,
    3;54,53,48;,
    3;50,51,55;,
    3;55,54,50;,
    3;36,39,25;,
    3;25,24,36;,
    3;28,42,36;,
    3;36,24,28;,
    3;30,46,42;,
    3;42,28,30;,
    3;37,56,57;,
    3;57,38,37;,
    3;58,56,37;,
    3;37,43,58;,
    3;47,59,58;,
    3;58,43,47;,
    3;60,61,62;,
    3;62,63,60;,
    3;64,65,61;,
    3;61,60,64;,
    3;66,65,64;,
    3;64,67,66;,
    3;33,68,69;,
    3;69,34,33;,
    3;41,70,68;,
    3;68,33,41;,
    3;45,71,70;,
    3;70,41,45;,
    3;32,35,57;,
    3;57,56,32;,
    3;40,32,56;,
    3;56,58,40;,
    3;44,40,58;,
    3;58,59,44;,
    3;72,73,69;,
    3;69,68,72;,
    3;74,72,68;,
    3;68,70,74;,
    3;75,74,70;,
    3;70,71,75;,
    3;61,9,8;,
    3;8,62,61;,
    3;65,16,9;,
    3;9,61,65;,
    3;22,16,65;,
    3;65,66,22;,
    3;60,63,73;,
    3;73,72,60;,
    3;64,60,72;,
    3;72,74,64;,
    3;67,64,74;,
    3;74,75,67;,
    3;76,1,0;,
    3;0,77,76;,
    3;12,1,76;,
    3;76,78,12;,
    3;18,12,78;,
    3;78,79,18;,
    3;80,81,82;,
    3;82,83,80;,
    3;84,85,86;,
    3;86,87,84;,
    3;88,11,10;,
    3;10,89,88;,
    3;83,82,90;,
    3;90,91,83;,
    3;87,86,92;,
    3;92,93,87;,
    3;89,10,17;,
    3;17,94,89;,
    3;91,90,95;,
    3;95,96,91;,
    3;97,93,92;,
    3;92,98,97;,
    3;99,94,17;,
    3;17,23,99;,
    3;86,85,100;,
    3;100,101,86;,
    3;87,102,103;,
    3;103,84,87;,
    3;92,86,101;,
    3;101,104,92;,
    3;93,105,102;,
    3;102,87,93;,
    3;98,92,104;,
    3;104,106,98;,
    3;97,107,105;,
    3;105,93,97;,
    3;108,109,110;,
    3;110,111,108;,
    3;112,113,114;,
    3;114,115,112;,
    3;116,108,111;,
    3;111,117,116;,
    3;118,112,115;,
    3;115,119,118;,
    3;120,116,117;,
    3;117,121,120;,
    3;122,118,119;,
    3;119,123,122;,
    3;82,81,124;,
    3;124,125,82;,
    3;90,82,125;,
    3;125,126,90;,
    3;127,95,90;,
    3;90,126,127;,
    3;128,103,102;,
    3;102,129,128;,
    3;129,102,105;,
    3;105,130,129;,
    3;130,105,107;,
    3;107,131,130;,
    3;124,128,129;,
    3;129,125,124;,
    3;125,129,130;,
    3;130,126,125;,
    3;126,130,131;,
    3;131,127,126;,
    3;112,101,100;,
    3;100,113,112;,
    3;104,101,112;,
    3;112,118,104;,
    3;106,104,118;,
    3;118,122,106;,
    3;115,114,132;,
    3;132,133,115;,
    3;134,119,115;,
    3;115,133,134;,
    3;123,119,134;,
    3;134,135,123;,
    3;136,137,138;,
    3;138,139,136;,
    3;140,136,139;,
    3;139,141,140;,
    3;142,143,140;,
    3;140,141,142;,
    3;111,110,144;,
    3;144,145,111;,
    3;117,111,145;,
    3;145,146,117;,
    3;121,117,146;,
    3;146,147,121;,
    3;108,133,132;,
    3;132,109,108;,
    3;116,134,133;,
    3;133,108,116;,
    3;120,135,134;,
    3;134,116,120;,
    3;148,145,144;,
    3;144,149,148;,
    3;150,146,145;,
    3;145,148,150;,
    3;151,147,146;,
    3;146,150,151;,
    3;139,138,88;,
    3;88,89,139;,
    3;141,139,89;,
    3;89,94,141;,
